# This file was generated by Animated Java via MC-Build. It is not recommended to edit this file directly.
$data merge entity $(bone_bone5) {transformation: [-1f,0f,0f,-0.1875f,0f,0.9537f,-0.3007f,1.378f,0f,-0.3007f,-0.9537f,-0.4695f,0f,0f,0f,1f],start_interpolation: 0,interpolation_duration: 1}
$data merge entity $(bone_bone4) {transformation: [-1f,0f,0f,0.3125f,0f,0.9763f,-0.2164f,0.679f,0f,-0.2164f,-0.9763f,-0.1393f,0f,0f,0f,1f],start_interpolation: 0,interpolation_duration: 1}
$data merge entity $(bone_bone3) {transformation: [-1f,0f,0f,-0.4375f,0f,0.9713f,-0.2377f,0.679f,0f,-0.2377f,-0.9713f,-0.1393f,0f,0f,0f,1f],start_interpolation: 0,interpolation_duration: 1}
$data merge entity $(bone_bone2) {transformation: [-1f,0f,0f,0.0625f,0f,0.9713f,-0.2377f,0.679f,0f,-0.2377f,-0.9713f,-0.1393f,0f,0f,0f,1f],start_interpolation: 0,interpolation_duration: 1}
$data merge entity $(bone_bone) {transformation: [-1f,0f,0f,0.0625f,0f,0.9728f,-0.2316f,-0.0566f,0f,-0.2316f,-0.9728f,0.007f,0f,0f,0f,1f],start_interpolation: 0,interpolation_duration: 1}
$data merge entity $(bone_bone1) {transformation: [-1f,0f,0f,-0.1875f,0f,0.8315f,-0.5556f,0.078f,0f,-0.5556f,-0.8315f,0.2033f,0f,0f,0f,1f],start_interpolation: 0,interpolation_duration: 1}