# This file was generated by Animated Java via MC-Build. It is not recommended to edit this file directly.
$data merge entity $(bone_bone5) {transformation: [-1f,0f,0f,-0.1875f,0f,0.9511f,-0.309f,1.267f,0f,-0.309f,-0.9511f,-0.2643f,0f,0f,0f,1f],start_interpolation: 0,interpolation_duration: 1}
$data merge entity $(bone_bone4) {transformation: [-0.9996f,-0.0268f,-0.0018f,0.3125f,-0.0255f,0.9693f,-0.2445f,0.5649f,0.0083f,-0.2444f,-0.9696f,0.0689f,0f,0f,0f,1f],start_interpolation: 0,interpolation_duration: 1}
$data merge entity $(bone_bone3) {transformation: [-0.9996f,0.0285f,-0.0068f,-0.4375f,0.0293f,0.9649f,-0.261f,0.584f,-0.0009f,-0.261f,-0.9653f,0.0671f,0f,0f,0f,1f],start_interpolation: 0,interpolation_duration: 1}
$data merge entity $(bone_bone2) {transformation: [-1f,0f,0f,0.0625f,0f,0.9654f,-0.2608f,0.584f,0f,-0.2608f,-0.9654f,0.0671f,0f,0f,0f,1f],start_interpolation: 0,interpolation_duration: 1}
$data merge entity $(bone_bone) {transformation: [-1f,0f,0f,0.0625f,0f,0.9423f,-0.3348f,-0.0842f,0f,-0.3348f,-0.9423f,0.2057f,0f,0f,0f,1f],start_interpolation: 0,interpolation_duration: 1}
$data merge entity $(bone_bone1) {transformation: [-1f,0f,0f,-0.1875f,0f,0.8616f,-0.5075f,-0.0289f,0f,-0.5075f,-0.8616f,0.3724f,0f,0f,0f,1f],start_interpolation: 0,interpolation_duration: 1}