# This file was generated by Animated Java via MC-Build. It is not recommended to edit this file directly.
$data merge entity $(bone_bone5) {transformation: [-1f,0f,0f,-0.1875f,0f,0.9877f,-0.1564f,1.3582f,0f,-0.1564f,-0.9877f,-0.1749f,0f,0f,0f,1f],start_interpolation: 0,interpolation_duration: 1}
$data merge entity $(bone_bone4) {transformation: [-0.9995f,-0.0302f,-0.0016f,0.3125f,-0.0298f,0.9942f,-0.1032f,0.6145f,0.0047f,-0.1031f,-0.9947f,0.0541f,0f,0f,0f,1f],start_interpolation: 0,interpolation_duration: 1}
$data merge entity $(bone_bone3) {transformation: [-0.9995f,0.032f,-0.008f,-0.4375f,0.0327f,0.9926f,-0.1167f,0.6361f,0.0042f,-0.1169f,-0.9931f,0.0555f,0f,0f,0f,1f],start_interpolation: 0,interpolation_duration: 1}
$data merge entity $(bone_bone2) {transformation: [-1f,0f,0f,0.0625f,0f,0.9932f,-0.1165f,0.6361f,0f,-0.1165f,-0.9932f,0.0555f,0f,0f,0f,1f],start_interpolation: 0,interpolation_duration: 1}
$data merge entity $(bone_bone) {transformation: [-1f,0f,0f,0.0625f,0f,0.984f,-0.1779f,-0.0481f,0f,-0.1779f,-0.984f,0.0979f,0f,0f,0f,1f],start_interpolation: 0,interpolation_duration: 1}
$data merge entity $(bone_bone1) {transformation: [-1f,0f,0f,-0.1875f,0f,0.9455f,-0.3256f,-0.0253f,0f,-0.3256f,-0.9455f,0.2366f,0f,0f,0f,1f],start_interpolation: 0,interpolation_duration: 1}