# This file was generated by Animated Java via MC-Build. It is not recommended to edit this file directly.
$data merge entity $(bone_bone5) {transformation: [-1f,0f,0f,-0.1875f,0f,1f,0f,1.4502f,0f,0f,-1f,-0.0882f,0f,0f,0f,1f],start_interpolation: 0,interpolation_duration: 1}
$data merge entity $(bone_bone4) {transformation: [-0.9994f,-0.0335f,-0.0014f,0.3125f,-0.0336f,0.9986f,0.0403f,0.6801f,0f,0.0403f,-0.9992f,0.0316f,0f,0f,0f,1f],start_interpolation: 0,interpolation_duration: 1}
$data merge entity $(bone_bone3) {transformation: [-0.9993f,0.0355f,-0.0092f,-0.4375f,0.0352f,0.9989f,0.03f,0.7035f,0.0103f,0.0296f,-0.9995f,0.0368f,0f,0f,0f,1f],start_interpolation: 0,interpolation_duration: 1}
$data merge entity $(bone_bone2) {transformation: [-1f,0f,0f,0.0625f,0f,0.9995f,0.0302f,0.7035f,0f,0.0302f,-0.9995f,0.0368f,0f,0f,0f,1f],start_interpolation: 0,interpolation_duration: 1}
$data merge entity $(bone_bone) {transformation: [-1f,0f,0f,0.0625f,0f,0.9999f,-0.0164f,0.0172f,0f,-0.0164f,-0.9999f,-0.0187f,0f,0f,0f,1f],start_interpolation: 0,interpolation_duration: 1}
$data merge entity $(bone_bone1) {transformation: [-1f,0f,0f,-0.1875f,0f,0.9914f,-0.1305f,0.0178f,0f,-0.1305f,-0.9914f,0.0867f,0f,0f,0f,1f],start_interpolation: 0,interpolation_duration: 1}