# This file was generated by Animated Java via MC-Build. It is not recommended to edit this file directly.
$data merge entity $(bone_bone5) {transformation: [-1f,0f,0f,-0.1875f,0f,1f,0f,1.4508f,0f,0f,-1f,-0.0684f,0f,0f,0f,1f],start_interpolation: 0,interpolation_duration: 1}
$data merge entity $(bone_bone4) {transformation: [-0.9993f,-0.0369f,-0.001f,0.3125f,-0.0369f,0.999f,0.0269f,0.6809f,0f,0.0269f,-0.9996f,0.0613f,0f,0f,0f,1f],start_interpolation: 0,interpolation_duration: 1}
$data merge entity $(bone_bone3) {transformation: [-0.9992f,0.0389f,-0.0106f,-0.4375f,0.0387f,0.9991f,0.0199f,0.7067f,0.0113f,0.0195f,-0.9997f,0.067f,0f,0f,0f,1f],start_interpolation: 0,interpolation_duration: 1}
$data merge entity $(bone_bone2) {transformation: [-1f,0f,0f,0.0625f,0f,0.9998f,0.0201f,0.7067f,0f,0.0201f,-0.9998f,0.067f,0f,0f,0f,1f],start_interpolation: 0,interpolation_duration: 1}
$data merge entity $(bone_bone) {transformation: [-1f,0f,0f,0.0625f,0f,0.9999f,-0.0109f,0.0164f,0f,-0.0109f,-0.9999f,0.0211f,0f,0f,0f,1f],start_interpolation: 0,interpolation_duration: 1}
$data merge entity $(bone_bone1) {transformation: [-1f,0f,0f,-0.1875f,0f,0.9962f,-0.0872f,0.0168f,0f,-0.0872f,-0.9962f,0.0914f,0f,0f,0f,1f],start_interpolation: 0,interpolation_duration: 1}