# This file was generated by Animated Java via MC-Build. It is not recommended to edit this file directly.
$data merge entity $(bone_bone5) {transformation: [-1f,0f,0f,-0.1875f,0f,1f,0f,1.4513f,0f,0f,-1f,-0.0486f,0f,0f,0f,1f],start_interpolation: 0,interpolation_duration: 1}
$data merge entity $(bone_bone4) {transformation: [-0.9992f,-0.0403f,-0.0005f,0.3125f,-0.0403f,0.9991f,0.0134f,0.6817f,0f,0.0134f,-0.9999f,0.091f,0f,0f,0f,1f],start_interpolation: 0,interpolation_duration: 1}
$data merge entity $(bone_bone3) {transformation: [-0.999f,0.0423f,-0.0119f,-0.4375f,0.0422f,0.9991f,0.0099f,0.7098f,0.0123f,0.0094f,-0.9999f,0.0973f,0f,0f,0f,1f],start_interpolation: 0,interpolation_duration: 1}
$data merge entity $(bone_bone2) {transformation: [-1f,0f,0f,0.0625f,0f,0.9999f,0.0101f,0.7098f,0f,0.0101f,-0.9999f,0.0973f,0f,0f,0f,1f],start_interpolation: 0,interpolation_duration: 1}
$data merge entity $(bone_bone) {transformation: [-1f,0f,0f,0.0625f,0f,1f,-0.0055f,0.0155f,0f,-0.0055f,-1f,0.0609f,0f,0f,0f,1f],start_interpolation: 0,interpolation_duration: 1}
$data merge entity $(bone_bone1) {transformation: [-1f,0f,0f,-0.1875f,0f,0.999f,-0.0436f,0.0158f,0f,-0.0436f,-0.999f,0.096f,0f,0f,0f,1f],start_interpolation: 0,interpolation_duration: 1}