# This file was generated by Animated Java via MC-Build. It is not recommended to edit this file directly.
$data merge entity $(bone_bone5) {transformation: [-1f,0f,0f,-0.1875f,0f,0.8192f,-0.5736f,1.2738f,0f,-0.5736f,-0.8192f,-0.6617f,0f,0f,0f,1f],start_interpolation: 0,interpolation_duration: 1}
$data merge entity $(bone_bone4) {transformation: [-1f,0f,0f,0.3125f,0f,0.9063f,-0.4226f,0.6526f,0f,-0.4226f,-0.9063f,-0.2014f,0f,0f,0f,1f],start_interpolation: 0,interpolation_duration: 1}
$data merge entity $(bone_bone3) {transformation: [-1f,0f,0f,-0.4375f,0f,0.887f,-0.4617f,0.6526f,0f,-0.4617f,-0.887f,-0.2014f,0f,0f,0f,1f],start_interpolation: 0,interpolation_duration: 1}
$data merge entity $(bone_bone2) {transformation: [-1f,0f,0f,0.0625f,0f,0.887f,-0.4617f,0.6526f,0f,-0.4617f,-0.887f,-0.2014f,0f,0f,0f,1f],start_interpolation: 0,interpolation_duration: 1}
$data merge entity $(bone_bone) {transformation: [-1f,0f,0f,0.0625f,0f,0.8927f,-0.4507f,-0.0403f,0f,-0.4507f,-0.8927f,0.0856f,0f,0f,0f,1f],start_interpolation: 0,interpolation_duration: 1}
$data merge entity $(bone_bone1) {transformation: [-1f,0f,0f,-0.1875f,0f,0.3827f,-0.9239f,0.3004f,0f,-0.9239f,-0.3827f,0.418f,0f,0f,0f,1f],start_interpolation: 0,interpolation_duration: 1}