# This file was generated by Animated Java via MC-Build. It is not recommended to edit this file directly.
$data merge entity $(bone_bone5) {transformation: [-1f,0f,0f,-0.1875f,0f,0.7986f,-0.6018f,1.2155f,0f,-0.6018f,-0.7986f,-0.6362f,0f,0f,0f,1f],start_interpolation: 0,interpolation_duration: 1}
$data merge entity $(bone_bone4) {transformation: [-1f,-0.0033f,-0.0005f,0.3125f,-0.0027f,0.8848f,-0.4659f,0.6169f,0.002f,-0.4659f,-0.8848f,-0.1468f,0f,0f,0f,1f],start_interpolation: 0,interpolation_duration: 1}
$data merge entity $(bone_bone3) {transformation: [-1f,0.0036f,-0.0006f,-0.4375f,0.0034f,0.8653f,-0.5012f,0.6191f,-0.0013f,-0.5012f,-0.8653f,-0.1478f,0f,0f,0f,1f],start_interpolation: 0,interpolation_duration: 1}
$data merge entity $(bone_bone2) {transformation: [-1f,0f,0f,0.0625f,0f,0.8654f,-0.5012f,0.6191f,0f,-0.5012f,-0.8654f,-0.1478f,0f,0f,0f,1f],start_interpolation: 0,interpolation_duration: 1}
$data merge entity $(bone_bone) {transformation: [-1f,0f,0f,0.0625f,0f,0.8578f,-0.514f,-0.0457f,0f,-0.514f,-0.8578f,0.1648f,0f,0f,0f,1f],start_interpolation: 0,interpolation_duration: 1}
$data merge entity $(bone_bone1) {transformation: [-1f,0f,0f,-0.1875f,0f,0.3907f,-0.9205f,0.27f,0f,-0.9205f,-0.3907f,0.4657f,0f,0f,0f,1f],start_interpolation: 0,interpolation_duration: 1}