# This file was generated by Animated Java via MC-Build. It is not recommended to edit this file directly.
$data merge entity $(bone_bone5) {transformation: [-1f,0f,0f,-0.1875f,0f,0.7771f,-0.6293f,1.1586f,0f,-0.6293f,-0.7771f,-0.6117f,0f,0f,0f,1f],start_interpolation: 0,interpolation_duration: 1}
$data merge entity $(bone_bone4) {transformation: [-1f,-0.0066f,-0.001f,0.3125f,-0.0052f,0.8613f,-0.5081f,0.5839f,0.0042f,-0.5081f,-0.8613f,-0.0942f,0f,0f,0f,1f],start_interpolation: 0,interpolation_duration: 1}
$data merge entity $(bone_bone3) {transformation: [-1f,0.0072f,-0.0013f,-0.4375f,0.0068f,0.8419f,-0.5396f,0.5882f,-0.0028f,-0.5396f,-0.8419f,-0.0963f,0f,0f,0f,1f],start_interpolation: 0,interpolation_duration: 1}
$data merge entity $(bone_bone2) {transformation: [-1f,0f,0f,0.0625f,0f,0.8419f,-0.5396f,0.5882f,0f,-0.5396f,-0.8419f,-0.0963f,0f,0f,0f,1f],start_interpolation: 0,interpolation_duration: 1}
$data merge entity $(bone_bone) {transformation: [-1f,0f,0f,0.0625f,0f,0.8184f,-0.5746f,-0.0477f,0f,-0.5746f,-0.8184f,0.2401f,0f,0f,0f,1f],start_interpolation: 0,interpolation_duration: 1}
$data merge entity $(bone_bone1) {transformation: [-1f,0f,0f,-0.1875f,0f,0.3987f,-0.9171f,0.2414f,0f,-0.9171f,-0.3987f,0.5118f,0f,0f,0f,1f],start_interpolation: 0,interpolation_duration: 1}