# This file was generated by Animated Java via MC-Build. It is not recommended to edit this file directly.
$data merge entity $(bone_bone5) {transformation: [-1f,0f,0f,-0.1875f,0f,0.7547f,-0.6561f,1.1031f,0f,-0.6561f,-0.7547f,-0.5883f,0f,0f,0f,1f],start_interpolation: 0,interpolation_duration: 1}
$data merge entity $(bone_bone4) {transformation: [-0.9999f,-0.01f,-0.0013f,0.3125f,-0.0076f,0.8357f,-0.5491f,0.5535f,0.0066f,-0.5491f,-0.8357f,-0.0438f,0f,0f,0f,1f],start_interpolation: 0,interpolation_duration: 1}
$data merge entity $(bone_bone3) {transformation: [-0.9999f,0.0108f,-0.002f,-0.4375f,0.01f,0.8167f,-0.577f,0.5599f,-0.0046f,-0.5769f,-0.8168f,-0.0472f,0f,0f,0f,1f],start_interpolation: 0,interpolation_duration: 1}
$data merge entity $(bone_bone2) {transformation: [-1f,0f,0f,0.0625f,0f,0.8168f,-0.5769f,0.5599f,0f,-0.5769f,-0.8168f,-0.0472f,0f,0f,0f,1f],start_interpolation: 0,interpolation_duration: 1}
$data merge entity $(bone_bone) {transformation: [-1f,0f,0f,0.0625f,0f,0.7748f,-0.6322f,-0.0463f,0f,-0.6322f,-0.7748f,0.3115f,0f,0f,0f,1f],start_interpolation: 0,interpolation_duration: 1}
$data merge entity $(bone_bone1) {transformation: [-1f,0f,0f,-0.1875f,0f,0.4067f,-0.9135f,0.2145f,0f,-0.9135f,-0.4067f,0.5561f,0f,0f,0f,1f],start_interpolation: 0,interpolation_duration: 1}