# This file was generated by Animated Java via MC-Build. It is not recommended to edit this file directly.
$data merge entity $(bone_bone5) {transformation: [-1f,0f,0f,-0.1875f,0f,0.7314f,-0.682f,1.0489f,0f,-0.682f,-0.7314f,-0.5661f,0f,0f,0f,1f],start_interpolation: 0,interpolation_duration: 1}
$data merge entity $(bone_bone4) {transformation: [-0.9999f,-0.0133f,-0.0016f,0.3125f,-0.0098f,0.8082f,-0.5888f,0.5256f,0.0092f,-0.5888f,-0.8082f,0.0043f,0f,0f,0f,1f],start_interpolation: 0,interpolation_duration: 1}
$data merge entity $(bone_bone3) {transformation: [-0.9999f,0.0144f,-0.0028f,-0.4375f,0.0131f,0.7899f,-0.6131f,0.5339f,-0.0066f,-0.6131f,-0.79f,-0.0005f,0f,0f,0f,1f],start_interpolation: 0,interpolation_duration: 1}
$data merge entity $(bone_bone2) {transformation: [-1f,0f,0f,0.0625f,0f,0.7901f,-0.613f,0.5339f,0f,-0.613f,-0.7901f,-0.0005f,0f,0f,0f,1f],start_interpolation: 0,interpolation_duration: 1}
$data merge entity $(bone_bone) {transformation: [-1f,0f,0f,0.0625f,0f,0.7271f,-0.6865f,-0.0417f,0f,-0.6865f,-0.7271f,0.3787f,0f,0f,0f,1f],start_interpolation: 0,interpolation_duration: 1}
$data merge entity $(bone_bone1) {transformation: [-1f,0f,0f,-0.1875f,0f,0.4147f,-0.91f,0.1893f,0f,-0.91f,-0.4147f,0.5986f,0f,0f,0f,1f],start_interpolation: 0,interpolation_duration: 1}