# This file was generated by Animated Java via MC-Build. It is not recommended to edit this file directly.
$data merge entity $(bone_bone5) {transformation: [-1f,0f,0f,-0.1875f,0f,0.7071f,-0.7071f,0.9959f,0f,-0.7071f,-0.7071f,-0.5452f,0f,0f,0f,1f],start_interpolation: 0,interpolation_duration: 1}
$data merge entity $(bone_bone4) {transformation: [-0.9999f,-0.0167f,-0.0018f,0.3125f,-0.0119f,0.7788f,-0.6272f,0.5f,0.0119f,-0.6271f,-0.7789f,0.05f,0f,0f,0f,1f],start_interpolation: 0,interpolation_duration: 1}
$data merge entity $(bone_bone3) {transformation: [-0.9998f,0.0179f,-0.0037f,-0.4375f,0.0161f,0.7614f,-0.648f,0.5102f,-0.0088f,-0.648f,-0.7616f,0.0436f,0f,0f,0f,1f],start_interpolation: 0,interpolation_duration: 1}
$data merge entity $(bone_bone2) {transformation: [-1f,0f,0f,0.0625f,0f,0.7617f,-0.6479f,0.5102f,0f,-0.6479f,-0.7617f,0.0436f,0f,0f,0f,1f],start_interpolation: 0,interpolation_duration: 1}
$data merge entity $(bone_bone) {transformation: [-1f,0f,0f,0.0625f,0f,0.6756f,-0.7373f,-0.0342f,0f,-0.7373f,-0.6756f,0.4417f,0f,0f,0f,1f],start_interpolation: 0,interpolation_duration: 1}
$data merge entity $(bone_bone1) {transformation: [-1f,0f,0f,-0.1875f,0f,0.4226f,-0.9063f,0.1657f,0f,-0.9063f,-0.4226f,0.6393f,0f,0f,0f,1f],start_interpolation: 0,interpolation_duration: 1}