# This file was generated by Animated Java via MC-Build. It is not recommended to edit this file directly.
$data merge entity $(bone_bone5) {transformation: [-1f,0f,0f,-0.1875f,0f,0.809f,-0.5878f,1.0859f,0f,-0.5878f,-0.809f,-0.4498f,0f,0f,0f,1f],start_interpolation: 0,interpolation_duration: 1}
$data merge entity $(bone_bone4) {transformation: [-0.9998f,-0.02f,-0.0019f,0.3125f,-0.0163f,0.8605f,-0.5092f,0.5091f,0.0118f,-0.5091f,-0.8606f,0.0683f,0f,0f,0f,1f],start_interpolation: 0,interpolation_duration: 1}
$data merge entity $(bone_bone3) {transformation: [-0.9998f,0.0215f,-0.0047f,-0.4375f,0.0207f,0.8481f,-0.5295f,0.5223f,-0.0074f,-0.5295f,-0.8483f,0.0626f,0f,0f,0f,1f],start_interpolation: 0,interpolation_duration: 1}
$data merge entity $(bone_bone2) {transformation: [-1f,0f,0f,0.0625f,0f,0.8484f,-0.5293f,0.5223f,0f,-0.5293f,-0.8484f,0.0626f,0f,0f,0f,1f],start_interpolation: 0,interpolation_duration: 1}
$data merge entity $(bone_bone) {transformation: [-1f,0f,0f,0.0625f,0f,0.786f,-0.6182f,-0.0753f,0f,-0.6182f,-0.786f,0.3807f,0f,0f,0f,1f],start_interpolation: 0,interpolation_duration: 1}
$data merge entity $(bone_bone1) {transformation: [-1f,0f,0f,-0.1875f,0f,0.5948f,-0.8039f,0.0705f,0f,-0.8039f,-0.5948f,0.5788f,0f,0f,0f,1f],start_interpolation: 0,interpolation_duration: 1}