# This file was generated by Animated Java via MC-Build. It is not recommended to edit this file directly.
$data merge entity $(bone_bone5) {transformation: [-1f,0f,0f,-0.1875f,0f,0.891f,-0.454f,1.1762f,0f,-0.454f,-0.891f,-0.3561f,0f,0f,0f,1f],start_interpolation: 0,interpolation_duration: 1}
$data merge entity $(bone_bone4) {transformation: [-0.9997f,-0.0234f,-0.0019f,0.3125f,-0.0209f,0.9244f,-0.3808f,0.5302f,0.0107f,-0.3807f,-0.9247f,0.0742f,0f,0f,0f,1f],start_interpolation: 0,interpolation_duration: 1}
$data merge entity $(bone_bone3) {transformation: [-0.9997f,0.025f,-0.0057f,-0.4375f,0.0252f,0.9164f,-0.3995f,0.5465f,-0.0048f,-0.3996f,-0.9167f,0.0699f,0f,0f,0f,1f],start_interpolation: 0,interpolation_duration: 1}
$data merge entity $(bone_bone2) {transformation: [-1f,0f,0f,0.0625f,0f,0.9168f,-0.3994f,0.5465f,0f,-0.3994f,-0.9168f,0.0699f,0f,0f,0f,1f],start_interpolation: 0,interpolation_duration: 1}
$data merge entity $(bone_bone) {transformation: [-1f,0f,0f,0.0625f,0f,0.8757f,-0.4829f,-0.0927f,0f,-0.4829f,-0.8757f,0.301f,0f,0f,0f,1f],start_interpolation: 0,interpolation_duration: 1}
$data merge entity $(bone_bone1) {transformation: [-1f,0f,0f,-0.1875f,0f,0.7431f,-0.6691f,0.0042f,0f,-0.6691f,-0.7431f,0.4883f,0f,0f,0f,1f],start_interpolation: 0,interpolation_duration: 1}